33855
33856
33857
33858
33859
33860
33861
33862
33863
33865
33866
33867
33868
33869
33870
33871
33872
33877
33878
33879
33880
33881
33882
33883
33884
33887
33888
33890
33891
33893
33895
33896
33897
33898
33901
33902
33906
33907
33908
33909
33910
33911
33913
33914
33915
33916
33917
33922
33924
33925
33926
33929
33931
33932
33964
33965
33936
33937
33939
33940
33941
33942
33943
33947
33949
33950
33951
33953
33954
33955
33957
33958
33959
33960
33961
33963
33964
33965
33966
33968
33969
33970
33972
33973
33974
33975
33976
33978
33979
33980
33981
33982
33983
33984
33988
33989
33940
33991
33992
33993
33995
33996
33997
33998
33999
34000
34001
34002
34003
34006
34007
34008
34009
34010
34011
34012
34013
34013
34015
34018
34019
34020
34022
34024
34054
34027
34028
34029
34030
34031
34033
34035
34036
34037
34038
34039
34040
34041
34042
34043
34044

